0.0	0.0	1343940.0	0.0	1343940.0	1343940.0	0.0	
0.0	1.0	0.0	0.0	0.0	0.0	0.0	
0.0	2.0	1343940.0	0.0	1343940.0	1343940.0	0.0	
0.0	3.0	948.73671067866	967.83922685617	888.77938508239	1008.6940362749	0.12639402464648	
1.0	1.0	0.0	1178792.0	0.0	1178792.0	1178792.0	0.0	
1.0	1.0	1.0	1195432.0	0.0	1195432.0	1195432.0	0.0	
1.0	1.0	2.0	16640.0	0.0	16640.0	16640.0	0.0	
1.0	1.0	3.0	16640.0	0.0	16640.0	16640.0	0.0	
1.0	2.0	0.0	1177103.0	0.0	1177103.0	1177103.0	0.0	
1.0	2.0	1.0	1178731.0	0.0	1178731.0	1178731.0	0.0	
1.0	2.0	2.0	1628.0	0.0	1628.0	1628.0	0.0	
1.0	2.0	3.0	168.13785046729	38.058208824522	168.02383007481	168.25187085977	0.0013562727507781	
1.0	3.0	0.0	1178731.0	0.0	1178731.0	1178731.0	0.0	
1.0	3.0	1.0	1178792.0	0.0	1178792.0	1178792.0	0.0	
1.0	3.0	2.0	61.0	0.0	61.0	61.0	0.0	
1.0	3.0	3.0	61.0	0.0	61.0	61.0	0.0	
1.0	4.0	0.0	1148667.0	0.0	1148667.0	1148667.0	0.0	
1.0	4.0	1.0	1149052.0	0.0	1149052.0	1149052.0	0.0	
1.0	4.0	2.0	385.0	0.0	385.0	385.0	0.0	
1.0	4.0	3.0	41.623831775701	2.3829794218523	41.616692494654	41.630971056748	0.00034303814630873	
1.0	5.0	0.0	1149052.0	0.0	1149052.0	1149052.0	0.0	
1.0	5.0	1.0	1177103.0	0.0	1177103.0	1177103.0	0.0	
1.0	5.0	2.0	28051.0	0.0	28051.0	28051.0	0.0	
1.0	5.0	3.0	2910.6261682243	1200.4074388008	2907.0298106568	2914.2225257918	0.0024711916677709	
1.0	6.0	0.0	1337675.0	0.0	1337675.0	1337675.0	0.0	
1.0	6.0	1.0	1337742.0	0.0	1337742.0	1337742.0	0.0	
1.0	6.0	2.0	67.0	0.0	67.0	67.0	0.0	
1.0	6.0	3.0	54.818181818182	8.4833331980278	54.659646417788	54.976717218576	0.0057840444588164	
1.0	7.0	0.0	1337742.0	0.0	1337742.0	1337742.0	0.0	
1.0	7.0	1.0	1338725.0	0.0	1338725.0	1338725.0	0.0	
1.0	7.0	2.0	983.0	0.0	983.0	983.0	0.0	
1.0	7.0	3.0	983.0	0.0	983.0	983.0	0.0	
1.0	8.0	0.0	1195432.0	0.0	1195432.0	1195432.0	0.0	
1.0	8.0	1.0	1195950.0	0.0	1195950.0	1195950.0	0.0	
1.0	8.0	2.0	518.0	0.0	518.0	518.0	0.0	
1.0	8.0	3.0	54.07476635514	16.848944576935	54.02428780313	54.12524490715	0.0018669910352882	
1.0	9.0	0.0	640811.0	0.0078125	640810.99951578	640811.00048422	1.5112840147034e-09	
1.0	9.0	1.0	642105.0	0.0078125	642104.99951578	642105.00048422	1.5082384045383e-09	
1.0	9.0	2.0	1294.0	0.0	1294.0	1294.0	0.0	
1.0	9.0	3.0	1294.0	0.0	1294.0	1294.0	0.0	
1.0	10.0	0.0	640727.0	0.0078125	640726.99951578	640727.00048422	1.5114821456659e-09	
1.0	10.0	1.0	640811.0	0.0078125	640810.99951578	640811.00048422	1.5112840147034e-09	
1.0	10.0	2.0	84.0	0.0	84.0	84.0	0.0	
1.0	10.0	3.0	81.142857142857	2.4743582965272	81.084891635872	81.200822649842	0.0014287272848356	
1.0	11.0	0.0	640640.0	0.0078125	640639.99951578	640640.00048422	1.5116874075083e-09	
1.0	11.0	1.0	640727.0	0.0078125	640726.99951578	640727.00048422	1.5114821456659e-09	
1.0	11.0	2.0	87.0	0.0	87.0	87.0	0.0	
1.0	11.0	3.0	83.75	3.6996621467372	83.635346282223	83.864653717777	0.0027379992304864	
1.0	12.0	0.0	640562.0	0.0078125	640561.99951578	640562.00048422	1.51187148277e-09	
1.0	12.0	1.0	640640.0	0.0078125	640639.99951578	640640.00048422	1.5116874075083e-09	
1.0	12.0	2.0	78.0	0.0	78.0	78.0	0.0	
1.0	12.0	3.0	78.0	0.0	78.0	78.0	0.0	
1.0	13.0	0.0	729480.0	0.01104854345604	729479.9993152	729480.0006848	1.8774902252673e-09	
1.0	13.0	1.0	754448.0	0.01104854345604	754447.9993152	754448.0006848	1.8153558224397e-09	
1.0	13.0	2.0	24968.0	0.0	24968.0	24968.0	0.0	
1.0	13.0	3.0	2626.0911214953	1091.1700778949	2622.8220333173	2629.3602096734	0.0024896989683905	
1.0	14.0	0.0	700486.0	0.01104854345604	700485.9993152	700486.0006848	1.955201916281e-09	
1.0	14.0	1.0	729480.0	0.01104854345604	729479.9993152	729480.0006848	1.8774902252673e-09	
1.0	14.0	2.0	28994.0	0.0	28994.0	28994.0	0.0	
1.0	14.0	3.0	2982.0023364486	1228.73053649	2978.3211243697	2985.6835485275	0.0024689531821406	
1.0	15.0	0.0	672087.0	0.01104854345604	672086.9993152	672087.0006848	2.0378188679858e-09	
1.0	15.0	1.0	700486.0	0.01104854345604	700485.9993152	700486.0006848	1.955201916281e-09	
1.0	15.0	2.0	28399.0	0.0	28399.0	28399.0	0.0	
1.0	15.0	3.0	2965.2663551402	1232.9641091595	2961.5724595002	2968.9602507802	0.0024914427222161	
1.0	16.0	0.0	642105.0	0.0078125	642104.99951578	642105.00048422	1.5082384045383e-09	
1.0	16.0	1.0	672087.0	0.01104854345604	672086.9993152	672087.0006848	2.0378188679858e-09	
1.0	16.0	2.0	29982.0	0.0	29982.0	29982.0	0.0	
1.0	16.0	3.0	3155.1074766355	1290.5199371087	3151.2411467614	3158.9738065097	0.0024508387766628	
1.0	17.0	0.0	779837.0	0.01104854345604	779836.9993152	779837.0006848	1.7562536395785e-09	
1.0	17.0	1.0	808102.0	0.01104854345604	808101.9993152	808102.0006848	1.6948251205021e-09	
1.0	17.0	2.0	28265.0	0.0	28265.0	28265.0	0.0	
1.0	17.0	3.0	1428.9345794393	1559.8363937155	1425.630136644	1432.2390222345	0.0046250442011277	
1.0	18.0	0.0	754448.0	0.01104854345604	754447.9993152	754448.0006848	1.8153558224397e-09	
1.0	18.0	1.0	779837.0	0.01104854345604	779836.9993152	779837.0006848	1.7562536395785e-09	
1.0	18.0	2.0	25389.0	0.0	25389.0	25389.0	0.0	
1.0	18.0	3.0	2660.2523364486	1102.7772043774	2656.9484739299	2663.5561989673	0.0024838715285751	
1.0	19.0	0.0	548210.0	0.0078125	548209.99951578	548210.00048422	1.7665628513637e-09	
1.0	19.0	1.0	564198.0	0.0078125	564197.99951578	564198.00048422	1.7165027539022e-09	
1.0	19.0	2.0	15988.0	0.0	15988.0	15988.0	0.0	
1.0	19.0	3.0	15988.0	0.0	15988.0	15988.0	0.0	
1.0	20.0	0.0	78572.0	0.0	78572.0	78572.0	0.0	
1.0	20.0	1.0	105006.0	0.0	105006.0	105006.0	0.0	
1.0	20.0	2.0	26434.0	0.0	26434.0	26434.0	0.0	
1.0	20.0	3.0	2728.5700934579	1131.426333804	2725.1803996539	2731.959787262	0.0024845935328112	
1.0	21.0	0.0	105006.0	0.0	105006.0	105006.0	0.0	
1.0	21.0	1.0	105093.0	0.0	105093.0	105093.0	0.0	
1.0	21.0	2.0	87.0	0.0	87.0	87.0	0.0	
1.0	21.0	3.0	87.0	0.0	87.0	87.0	0.0	
1.0	22.0	0.0	105093.0	0.0	105093.0	105093.0	0.0	
1.0	22.0	1.0	126185.0	0.0	126185.0	126185.0	0.0	
1.0	22.0	2.0	21092.0	0.0	21092.0	21092.0	0.0	
1.0	22.0	3.0	21092.0	0.0	21092.0	21092.0	0.0	
1.0	23.0	0.0	54712.0	0.0	54712.0	54712.0	0.0	
1.0	23.0	1.0	54843.0	0.0	54843.0	54843.0	0.0	
1.0	23.0	2.0	131.0	0.0	131.0	131.0	0.0	
1.0	23.0	3.0	131.0	0.0	131.0	131.0	0.0	
1.0	24.0	0.0	54843.0	0.0	54843.0	54843.0	0.0	
1.0	24.0	1.0	77893.0	0.0	77893.0	77893.0	0.0	
1.0	24.0	2.0	23050.0	0.0	23050.0	23050.0	0.0	
1.0	24.0	3.0	2397.2593457944	1020.3798795682	2394.2023413283	2400.3163502605	0.0025504161420603	
1.0	25.0	0.0	77893.0	0.0	77893.0	77893.0	0.0	
1.0	25.0	1.0	77977.0	0.0	77977.0	77977.0	0.0	
1.0	25.0	2.0	84.0	0.0	84.0	84.0	0.0	
1.0	25.0	3.0	84.0	0.0	84.0	84.0	0.0	
1.0	26.0	0.0	77977.0	0.0	77977.0	77977.0	0.0	
1.0	26.0	1.0	78572.0	0.0	78572.0	78572.0	0.0	
1.0	26.0	2.0	595.0	0.0	595.0	595.0	0.0	
1.0	26.0	3.0	595.0	0.0	595.0	595.0	0.0	
1.0	27.0	0.0	595242.0	0.0078125	595241.99951578	595242.00048422	1.6269809938581e-09	
1.0	27.0	1.0	595290.0	0.0078125	595289.99951578	595290.00048422	1.6268498055504e-09	
1.0	27.0	2.0	48.0	0.0	48.0	48.0	0.0	
1.0	27.0	3.0	48.0	0.0	48.0	48.0	0.0	
1.0	28.0	0.0	126185.0	0.0	126185.0	126185.0	0.0	
1.0	28.0	1.0	151629.0	0.0	151629.0	151629.0	0.0	
1.0	28.0	2.0	25444.0	0.0	25444.0	25444.0	0.0	
1.0	28.0	3.0	2643.214953271	1108.1940729528	2639.8948620989	2646.5350444431	0.0025121613117249	
1.0	29.0	0.0	151629.0	0.0	151629.0	151629.0	0.0	
1.0	29.0	1.0	176770.0	0.0	176770.0	176770.0	0.0	
1.0	29.0	2.0	25141.0	0.0	25141.0	25141.0	0.0	
1.0	29.0	3.0	2622.3878504673	1088.9282646069	2619.125478644	2625.6502222906	0.0024880925395753	
1.0	30.0	0.0	950107.0	0.01104854345604	950106.9993152	950107.0006848	1.4415129764626e-09	
1.0	30.0	1.0	950165.0	0.01104854345604	950164.9993152	950165.0006848	1.4414249835849e-09	
1.0	30.0	2.0	58.0	0.0	58.0	58.0	0.0	
1.0	30.0	3.0	58.0	0.0	58.0	58.0	0.0	
1.0	31.0	0.0	0.0	0.0	0.0	0.0	0.0	
1.0	31.0	1.0	1084.0	0.0	1084.0	1084.0	0.0	
1.0	31.0	2.0	1084.0	0.0	1084.0	1084.0	0.0	
1.0	31.0	3.0	1060.0	24.0	1058.9481536234	1061.0518463766	0.0019846158049357	
1.0	32.0	0.0	4304.0	0.0	4304.0	4304.0	0.0	
1.0	32.0	1.0	4374.0	0.0	4374.0	4374.0	0.0	
1.0	32.0	2.0	70.0	0.0	70.0	70.0	0.0	
1.0	32.0	3.0	67.0	3.0	66.868519202923	67.131480797077	0.0039247999127459	
1.0	33.0	0.0	5556.0	0.0	5556.0	5556.0	0.0	
1.0	33.0	1.0	5638.0	0.0	5638.0	5638.0	0.0	
1.0	33.0	2.0	82.0	0.0	82.0	82.0	0.0	
1.0	33.0	3.0	73.0	9.0	72.605557608769	73.394442391231	0.010806640855643	
1.0	34.0	0.0	1337618.0	0.0	1337618.0	1337618.0	0.0	
1.0	34.0	1.0	1337675.0	0.0	1337675.0	1337675.0	0.0	
1.0	34.0	2.0	57.0	0.0	57.0	57.0	0.0	
1.0	34.0	3.0	57.0	0.0	57.0	57.0	0.0	
1.0	35.0	0.0	1335250.0	0.0	1335250.0	1335250.0	0.0	
1.0	35.0	1.0	1337618.0	0.0	1337618.0	1337618.0	0.0	
1.0	35.0	2.0	2368.0	0.0	2368.0	2368.0	0.0	
1.0	35.0	3.0	2368.0	0.0	2368.0	2368.0	0.0	
1.0	36.0	0.0	619162.0	0.0078125	619161.99951578	619162.00048422	1.5641260619129e-09	
1.0	36.0	1.0	637773.0	0.0078125	637772.99951578	637773.00048422	1.5184829410246e-09	
1.0	36.0	2.0	18611.0	0.000244140625	18610.999984868	18611.000015132	1.6261341087698e-09	
1.0	36.0	3.0	18611.0	0.0	18611.0	18611.0	0.0	
1.0	37.0	0.0	637773.0	0.0078125	637772.99951578	637773.00048422	1.5184829410246e-09	
1.0	37.0	1.0	637853.0	0.0078125	637852.99951578	637853.00048422	1.5182924917592e-09	
1.0	37.0	2.0	80.0	0.0	80.0	80.0	0.0	
1.0	37.0	3.0	80.0	0.0	80.0	80.0	0.0	
1.0	38.0	0.0	637853.0	0.0078125	637852.99951578	637853.00048422	1.5182924917592e-09	
1.0	38.0	1.0	637937.0	0.0078125	637936.99951578	637937.00048422	1.518092571439e-09	
1.0	38.0	2.0	84.0	0.0	84.0	84.0	0.0	
1.0	38.0	3.0	82.0	1.870828693387	81.942022418126	82.057977581874	0.0014140873627898	
1.0	39.0	0.0	637937.0	0.0078125	637936.99951578	637937.00048422	1.518092571439e-09	
1.0	39.0	1.0	638027.0	0.0078125	638026.99951578	638027.00048422	1.5178784295117e-09	
1.0	39.0	2.0	90.0	0.0	90.0	90.0	0.0	
1.0	39.0	3.0	82.263157894737	3.3692433206905	82.215249496941	82.311066292533	0.0011647595113563	
1.0	40.0	0.0	638027.0	0.0078125	638026.99951578	638027.00048422	1.5178784295117e-09	
1.0	40.0	1.0	640323.0	0.0078125	640322.99951578	640323.00048422	1.5124357874793e-09	
1.0	40.0	2.0	2296.0	0.0	2296.0	2296.0	0.0	
1.0	40.0	3.0	2296.0	0.0	2296.0	2296.0	0.0	
1.0	41.0	0.0	640323.0	0.0078125	640322.99951578	640323.00048422	1.5124357874793e-09	
1.0	41.0	1.0	640402.0	0.0078125	640401.99951578	640402.00048422	1.5122492133786e-09	
1.0	41.0	2.0	79.0	0.0	79.0	79.0	0.0	
1.0	41.0	3.0	79.0	0.0	79.0	79.0	0.0	
1.0	42.0	0.0	640402.0	0.0078125	640401.99951578	640402.00048422	1.5122492133786e-09	
1.0	42.0	1.0	640482.0	0.0078125	640481.99951578	640482.00048422	1.5120603244839e-09	
1.0	42.0	2.0	80.0	0.0	80.0	80.0	0.0	
1.0	42.0	3.0	79.25	0.82915619758885	79.22430418322	79.27569581678	0.00064847487142388	
1.0	43.0	0.0	640482.0	0.0078125	640481.99951578	640482.00048422	1.5120603244839e-09	
1.0	43.0	1.0	640562.0	0.0078125	640561.99951578	640562.00048422	1.51187148277e-09	
1.0	43.0	2.0	80.0	0.0	80.0	80.0	0.0	
1.0	43.0	3.0	79.285714285714	0.88063057185235	79.265084210581	79.306344360847	0.00052039829164716	
1.0	44.0	0.0	430960.0	0.0	430960.0	430960.0	0.0	
1.0	44.0	1.0	431039.0	0.0	431039.0	431039.0	0.0	
1.0	44.0	2.0	79.0	0.0	79.0	79.0	0.0	
1.0	44.0	3.0	79.0	0.0	79.0	79.0	0.0	
1.0	45.0	0.0	429708.0	0.0	429708.0	429708.0	0.0	
1.0	45.0	1.0	430960.0	0.0	430960.0	430960.0	0.0	
1.0	45.0	2.0	1252.0	0.0	1252.0	1252.0	0.0	
1.0	45.0	3.0	1252.0	0.0	1252.0	1252.0	0.0	
1.0	46.0	0.0	429456.0	0.0	429456.0	429456.0	0.0	
1.0	46.0	1.0	429534.0	0.0	429534.0	429534.0	0.0	
1.0	46.0	2.0	78.0	0.0	78.0	78.0	0.0	
1.0	46.0	3.0	78.0	0.0	78.0	78.0	0.0	
1.0	47.0	0.0	429306.0	0.0	429306.0	429306.0	0.0	
1.0	47.0	1.0	429456.0	0.0	429456.0	429456.0	0.0	
1.0	47.0	2.0	150.0	0.0	150.0	150.0	0.0	
1.0	47.0	3.0	150.0	0.0	150.0	150.0	0.0	
1.0	48.0	0.0	429619.0	0.0	429619.0	429619.0	0.0	
1.0	48.0	1.0	429708.0	0.0	429708.0	429708.0	0.0	
1.0	48.0	2.0	89.0	0.0	89.0	89.0	0.0	
1.0	48.0	3.0	81.857142857143	3.6811710647784	81.770905974082	81.943379740203	0.0021070093592456	
1.0	49.0	0.0	429534.0	0.0	429534.0	429534.0	0.0	
1.0	49.0	1.0	429619.0	0.0	429619.0	429619.0	0.0	
1.0	49.0	2.0	85.0	0.0	85.0	85.0	0.0	
1.0	49.0	3.0	79.75	3.0310889132455	79.656065581388	79.843934418612	0.0023557220968561	
1.0	50.0	0.0	403249.0	0.0	403249.0	403249.0	0.0	
1.0	50.0	1.0	403731.0	0.0	403731.0	403731.0	0.0	
1.0	50.0	2.0	482.0	0.0	482.0	482.0	0.0	
1.0	50.0	3.0	50.352803738318	8.5982130608625	50.327043944094	50.378563532541	0.0010231721894777	
1.0	51.0	0.0	378038.0	0.0055242717280199	378037.9996576	378038.0003424	1.8114469570889e-09	
1.0	51.0	1.0	403249.0	0.0	403249.0	403249.0	0.0	
1.0	51.0	2.0	25211.0	0.0	25211.0	25211.0	0.0	
1.0	51.0	3.0	2627.3224299065	1086.1582877028	2624.0683567884	2630.5765030247	0.0024771022247703	
1.0	52.0	0.0	428894.0	0.0	428894.0	428894.0	0.0	
1.0	52.0	1.0	429306.0	0.0	429306.0	429306.0	0.0	
1.0	52.0	2.0	412.0	0.0	412.0	412.0	0.0	
1.0	52.0	3.0	43.971962616822	6.3458838582602	43.952950682459	43.990974551186	0.00086472985202408	
1.0	53.0	0.0	403731.0	0.0	403731.0	403731.0	0.0	
1.0	53.0	1.0	428894.0	0.0	428894.0	428894.0	0.0	
1.0	53.0	2.0	25163.0	0.0	25163.0	25163.0	0.0	
1.0	53.0	3.0	2622.5537383178	1086.5340696432	2619.2985393767	2625.8089372588	0.0024824650061718	
1.0	54.0	0.0	433580.0	0.0	433580.0	433580.0	0.0	
1.0	54.0	1.0	436517.0	0.0	436517.0	436517.0	0.0	
1.0	54.0	2.0	2937.0	0.0	2937.0	2937.0	0.0	
1.0	54.0	3.0	2757.5	179.5	2749.6330656416	2765.3669343584	0.0057058454095664	
1.0	55.0	0.0	1105240.0	0.0	1105240.0	1105240.0	0.0	
1.0	55.0	1.0	1130406.0	0.0	1130406.0	1130406.0	0.0	
1.0	55.0	2.0	25166.0	0.0	25166.0	25166.0	0.0	
1.0	55.0	3.0	2625.226635514	1085.5056027445	2621.9745178057	2628.4787532224	0.0024775900597262	
1.0	56.0	0.0	1105177.0	0.0	1105177.0	1105177.0	0.0	
1.0	56.0	1.0	1105240.0	0.0	1105240.0	1105240.0	0.0	
1.0	56.0	2.0	63.0	0.0	63.0	63.0	0.0	
1.0	56.0	3.0	34.68	18.897026221075	34.445750036059	34.914249963941	0.013509225140778	
1.0	57.0	0.0	1086042.0	0.0	1086042.0	1086042.0	0.0	
1.0	57.0	1.0	1086095.0	0.0	1086095.0	1086095.0	0.0	
1.0	57.0	2.0	53.0	0.0	53.0	53.0	0.0	
1.0	57.0	3.0	37.5	18.607794065928	36.923338487499	38.076661512501	0.030755280666723	
1.0	58.0	0.0	1105014.0	0.0	1105014.0	1105014.0	0.0	
1.0	58.0	1.0	1105177.0	0.0	1105177.0	1105177.0	0.0	
1.0	58.0	2.0	163.0	0.0	163.0	163.0	0.0	
1.0	58.0	3.0	129.5	33.5	128.03179776597	130.96820223403	0.022674937977241	
1.0	59.0	0.0	1086095.0	0.0	1086095.0	1086095.0	0.0	
1.0	59.0	1.0	1105014.0	0.0	1105014.0	1105014.0	0.0	
1.0	59.0	2.0	18919.0	0.0	18919.0	18919.0	0.0	
1.0	59.0	3.0	18919.0	0.0	18919.0	18919.0	0.0	
1.0	60.0	0.0	1060637.0	0.015625	1060636.9990316	1060637.0009684	1.8261618645137e-09	
1.0	60.0	1.0	1085988.0	0.0	1085988.0	1085988.0	0.0	
1.0	60.0	2.0	25351.0	0.0	25351.0	25351.0	0.0	
1.0	60.0	3.0	2638.3668224299	1095.3528166812	2635.0852029864	2641.6484418734	0.0024876142434886	
1.0	61.0	0.0	1040229.0	0.01104854345604	1040228.9993152	1040229.0006848	1.3166250599897e-09	
1.0	61.0	1.0	1060637.0	0.015625	1060636.9990316	1060637.0009684	1.8261618645137e-09	
1.0	61.0	2.0	20408.0	0.0	20408.0	20408.0	0.0	
1.0	61.0	3.0	20408.0	0.0	20408.0	20408.0	0.0	
1.0	62.0	0.0	1085988.0	0.0	1085988.0	1085988.0	0.0	
1.0	62.0	1.0	1086042.0	0.0	1086042.0	1086042.0	0.0	
1.0	62.0	2.0	54.0	0.0	54.0	54.0	0.0	
1.0	62.0	3.0	54.0	0.0	54.0	54.0	0.0	
1.0	63.0	0.0	1315277.0	0.0	1315277.0	1315277.0	0.0	
1.0	63.0	1.0	1315323.0	0.0	1315323.0	1315323.0	0.0	
1.0	63.0	2.0	46.0	0.0	46.0	46.0	0.0	
1.0	63.0	3.0	43.25	2.5860201081972	43.169858406554	43.330141593446	0.003705969639103	
1.0	64.0	0.0	618701.0	0.0078125	618700.99951578	618701.00048422	1.5652915071191e-09	
1.0	64.0	1.0	619117.0	0.0078125	619116.99951578	619117.00048422	1.5642397491041e-09	
1.0	64.0	2.0	416.0	0.0	416.0	416.0	0.0	
1.0	64.0	3.0	42.302272727273	2.5578745292602	42.294714691025	42.309830763521	0.00035733476055994	
1.0	65.0	0.0	617871.0	0.0078125	617870.99951578	617871.00048422	1.5673941983781e-09	
1.0	65.0	1.0	618287.0	0.0078125	618286.99951578	618287.00048422	1.5663396137167e-09	
1.0	65.0	2.0	416.0	0.0	416.0	416.0	0.0	
1.0	65.0	3.0	42.543181818182	3.2076540370631	42.533703806182	42.552659830182	0.00044557137454971	
1.0	66.0	0.0	618287.0	0.0078125	618286.99951578	618287.00048422	1.5663396137167e-09	
1.0	66.0	1.0	618701.0	0.0078125	618700.99951578	618701.00048422	1.5652915071191e-09	
1.0	66.0	2.0	414.0	0.0	414.0	414.0	0.0	
1.0	66.0	3.0	41.947727272727	2.5751424176295	41.94011821313	41.955336332325	0.00036278769279435	
1.0	67.0	0.0	516682.0	0.0	516682.0	516682.0	0.0	
1.0	67.0	1.0	517306.0	0.0	517306.0	517306.0	0.0	
1.0	67.0	2.0	624.0	0.0	624.0	624.0	0.0	
1.0	67.0	3.0	84.304761904762	17.618059174333	84.243235879595	84.366287929929	0.0014596097249268	
1.0	68.0	0.0	516444.0	0.0	516444.0	516444.0	0.0	
1.0	68.0	1.0	516682.0	0.0	516682.0	516682.0	0.0	
1.0	68.0	2.0	238.0	0.0	238.0	238.0	0.0	
1.0	68.0	3.0	86.09	17.645449838414	85.980632368818	86.199367631182	0.0025407743334224	
1.0	69.0	0.0	619117.0	0.0078125	619116.99951578	619117.00048422	1.5642397491041e-09	
1.0	69.0	1.0	619162.0	0.0078125	619161.99951578	619162.00048422	1.5641260619129e-09	
1.0	69.0	2.0	45.0	0.0	45.0	45.0	0.0	
1.0	69.0	3.0	45.0	0.0	45.0	45.0	0.0	
1.0	70.0	0.0	547219.0	0.0078125	547218.99951578	547219.00048422	1.7697620527542e-09	
1.0	70.0	1.0	547663.0	0.0078125	547662.99951578	547663.00048422	1.7683272756167e-09	
1.0	70.0	2.0	444.0	0.0	444.0	444.0	0.0	
1.0	70.0	3.0	45.640186915888	15.972858754384	45.592333070936	45.68804076084	0.0020970047751946	
1.0	71.0	0.0	517306.0	0.0	517306.0	517306.0	0.0	
1.0	71.0	1.0	546761.0	0.0078125	546760.99951578	546761.00048422	1.7712445122203e-09	
1.0	71.0	2.0	29455.0	0.0	29455.0	29455.0	0.0	
1.0	71.0	3.0	3094.0700934579	1260.2193084409	3090.294542674	3097.8456442418	0.0024405075966989	
1.0	72.0	0.0	546761.0	0.0078125	546760.99951578	546761.00048422	1.7712445122203e-09	
1.0	72.0	1.0	547219.0	0.0078125	547218.99951578	547219.00048422	1.7697620527542e-09	
1.0	72.0	2.0	458.0	0.0	458.0	458.0	0.0	
1.0	72.0	3.0	46.10046728972	16.453465952124	46.051173570875	46.149761008565	0.0021385344549896	
1.0	73.0	0.0	808102.0	0.01104854345604	808101.9993152	808102.0006848	1.6948251205021e-09	
1.0	73.0	1.0	809684.0	0.01104854345604	809683.9993152	809684.0006848	1.6915136887082e-09	
1.0	73.0	2.0	1582.0	0.0	1582.0	1582.0	0.0	
1.0	73.0	3.0	77.839953271028	47.468177653218	77.739394085283	77.940512456773	0.0025837421920149	
1.0	74.0	0.0	1334133.0	0.0	1334133.0	1334133.0	0.0	
1.0	74.0	1.0	1334557.0	0.0	1334557.0	1334557.0	0.0	
1.0	74.0	2.0	424.0	0.0	424.0	424.0	0.0	
1.0	74.0	3.0	44.691588785047	5.4723796101201	44.675193823481	44.707983746613	0.0007336933866906	
1.0	75.0	0.0	3203.0	0.0	3203.0	3203.0	0.0	
1.0	75.0	1.0	4304.0	0.0	4304.0	4304.0	0.0	
1.0	75.0	2.0	1101.0	0.0	1101.0	1101.0	0.0	
1.0	75.0	3.0	582.5	518.5	559.77573557186	605.22426442814	0.078023225504341	
1.0	76.0	0.0	4501.0	0.0	4501.0	4501.0	0.0	
1.0	76.0	1.0	5556.0	0.0	5556.0	5556.0	0.0	
1.0	76.0	2.0	1055.0	0.0	1055.0	1055.0	0.0	
1.0	76.0	3.0	559.0	496.0	537.26184154994	580.73815845006	0.077775164400937	
1.0	77.0	0.0	1288205.0	0.0	1288205.0	1288205.0	0.0	
1.0	77.0	1.0	1288711.0	0.0	1288711.0	1288711.0	0.0	
1.0	77.0	2.0	506.0	0.0	506.0	506.0	0.0	
1.0	77.0	3.0	49.210280373832	17.50360942526	49.157840480359	49.262720267304	0.0021312576589343	
1.0	78.0	0.0	1289232.0	0.0	1289232.0	1289232.0	0.0	
1.0	78.0	1.0	1314826.0	0.0	1314826.0	1314826.0	0.0	
1.0	78.0	2.0	25594.0	0.0	25594.0	25594.0	0.0	
1.0	78.0	3.0	2674.7663551402	1098.1767415541	2671.4762753662	2678.0564349141	0.0024600876017624	
1.0	79.0	0.0	1288711.0	0.0	1288711.0	1288711.0	0.0	
1.0	79.0	1.0	1289232.0	0.0	1289232.0	1289232.0	0.0	
1.0	79.0	2.0	521.0	0.0	521.0	521.0	0.0	
1.0	79.0	3.0	54.785046728972	23.90079889072	54.713441192235	54.856652265709	0.0026140540535314	
1.0	80.0	0.0	1270075.0	0.0	1270075.0	1270075.0	0.0	
1.0	80.0	1.0	1270120.0	0.0	1270120.0	1270120.0	0.0	
1.0	80.0	2.0	45.0	0.0	45.0	45.0	0.0	
1.0	80.0	3.0	45.0	0.0	45.0	45.0	0.0	
1.0	81.0	0.0	1270120.0	0.0	1270120.0	1270120.0	0.0	
1.0	81.0	1.0	1288205.0	0.0	1288205.0	1288205.0	0.0	
1.0	81.0	2.0	18085.0	0.0	18085.0	18085.0	0.0	
1.0	81.0	3.0	18085.0	0.0	18085.0	18085.0	0.0	
1.0	82.0	0.0	598772.0	0.0078125	598771.99951578	598772.00048422	1.6173892913264e-09	
1.0	82.0	1.0	599189.0	0.0078125	599188.99951578	599189.00048422	1.6162636843235e-09	
1.0	82.0	2.0	417.0	0.0	417.0	417.0	0.0	
1.0	82.0	3.0	42.697727272727	3.3766570771296	42.687749888655	42.707704656799	0.00046734965578853	
1.0	83.0	0.0	599230.0	0.0078125	599229.99951578	599230.00048422	1.6161530977189e-09	
1.0	83.0	1.0	617871.0	0.0078125	617870.99951578	617871.00048422	1.5673941983781e-09	
1.0	83.0	2.0	18641.0	0.0	18641.0	18641.0	0.0	
1.0	83.0	3.0	18641.0	0.0	18641.0	18641.0	0.0	
1.0	84.0	0.0	599189.0	0.0078125	599188.99951578	599189.00048422	1.6162636843235e-09	
1.0	84.0	1.0	599230.0	0.0078125	599229.99951578	599230.00048422	1.6161530977189e-09	
1.0	84.0	2.0	41.0	0.0	41.0	41.0	0.0	
1.0	84.0	3.0	41.0	0.0	41.0	41.0	0.0	
1.0	85.0	0.0	271928.0	0.0	271928.0	271928.0	0.0	
1.0	85.0	1.0	272009.0	0.0	272009.0	272009.0	0.0	
1.0	85.0	2.0	81.0	0.0	81.0	81.0	0.0	
1.0	85.0	3.0	52.25	16.843025262701	51.728029239325	52.771970760675	0.01997974203542	
1.0	86.0	0.0	271889.0	0.0	271889.0	271889.0	0.0	
1.0	86.0	1.0	271928.0	0.0	271928.0	271928.0	0.0	
1.0	86.0	2.0	39.0	0.0	39.0	39.0	0.0	
1.0	86.0	3.0	39.0	0.0	39.0	39.0	0.0	
1.0	87.0	0.0	202601.0	0.0	202601.0	202601.0	0.0	
1.0	87.0	1.0	202718.0	0.0	202718.0	202718.0	0.0	
1.0	87.0	2.0	117.0	0.0	117.0	117.0	0.0	
1.0	87.0	3.0	81.5	25.391927851189	80.713096003314	82.286903996686	0.019310527526031	
1.0	88.0	0.0	202540.0	0.0	202540.0	202540.0	0.0	
1.0	88.0	1.0	202601.0	0.0	202601.0	202601.0	0.0	
1.0	88.0	2.0	61.0	0.0	61.0	61.0	0.0	
1.0	88.0	3.0	61.0	0.0	61.0	61.0	0.0	
1.0	89.0	0.0	176770.0	0.0	176770.0	176770.0	0.0	
1.0	89.0	1.0	202540.0	0.0	202540.0	202540.0	0.0	
1.0	89.0	2.0	25770.0	0.0	25770.0	25770.0	0.0	
1.0	89.0	3.0	2700.441588785	1120.2215501205	2697.0854639238	2703.7977136463	0.0024856118904407	
1.0	90.0	0.0	246764.0	0.0	246764.0	246764.0	0.0	
1.0	90.0	1.0	271889.0	0.0	271889.0	271889.0	0.0	
1.0	90.0	2.0	25125.0	0.0	25125.0	25125.0	0.0	
1.0	90.0	3.0	2591.5046728972	1079.3306520804	2588.2710550164	2594.738290778	0.0024955524214604	
1.0	91.0	0.0	221890.0	0.0	221890.0	221890.0	0.0	
1.0	91.0	1.0	246764.0	0.0	246764.0	246764.0	0.0	
1.0	91.0	2.0	24874.0	0.0	24874.0	24874.0	0.0	
1.0	91.0	3.0	2590.203271028	1065.1805837371	2587.0120460079	2593.3944960481	0.002464073036898	
1.0	92.0	0.0	202718.0	0.0	202718.0	202718.0	0.0	
1.0	92.0	1.0	221890.0	0.0	221890.0	221890.0	0.0	
1.0	92.0	2.0	19172.0	0.0	19172.0	19172.0	0.0	
1.0	92.0	3.0	19172.0	0.0	19172.0	19172.0	0.0	
1.0	93.0	0.0	564198.0	0.0078125	564197.99951578	564198.00048422	1.7165027539022e-09	
1.0	93.0	1.0	595242.0	0.0078125	595241.99951578	595242.00048422	1.6269809938581e-09	
1.0	93.0	2.0	31044.0	0.0	31044.0	31044.0	0.0	
1.0	93.0	3.0	3101.5795454545	1341.9630441463	3097.6142980528	3105.5447928563	0.0025569213000457	
1.0	94.0	0.0	431039.0	0.0	431039.0	431039.0	0.0	
1.0	94.0	1.0	431120.0	0.0	431120.0	431120.0	0.0	
1.0	94.0	2.0	81.0	0.0	81.0	81.0	0.0	
1.0	94.0	3.0	80.0	1.0	79.96900967893	80.03099032107	0.0007747580267413	
1.0	95.0	0.0	431120.0	0.0	431120.0	431120.0	0.0	
1.0	95.0	1.0	431210.0	0.0	431210.0	431210.0	0.0	
1.0	95.0	2.0	90.0	0.0	90.0	90.0	0.0	
1.0	95.0	3.0	83.368421052632	3.2800918843965	83.32178032893	83.415061776334	0.0011189062504277	
1.0	96.0	0.0	1334557.0	0.0	1334557.0	1334557.0	0.0	
1.0	96.0	1.0	1334992.0	0.0	1334992.0	1334992.0	0.0	
1.0	96.0	2.0	435.0	0.0	435.0	435.0	0.0	
1.0	96.0	3.0	44.829439252336	5.8017377886117	44.812057550986	44.846820953687	0.00077545923574578	
1.0	97.0	0.0	1334992.0	0.0	1334992.0	1334992.0	0.0	
1.0	97.0	1.0	1335073.0	0.0	1335073.0	1335073.0	0.0	
1.0	97.0	2.0	81.0	0.0	81.0	81.0	0.0	
1.0	97.0	3.0	81.0	0.0	81.0	81.0	0.0	
1.0	98.0	0.0	436517.0	0.0	436517.0	436517.0	0.0	
1.0	98.0	1.0	436636.0	0.0	436636.0	436636.0	0.0	
1.0	98.0	2.0	119.0	0.0	119.0	119.0	0.0	
1.0	98.0	3.0	109.5	9.5	109.08364414259	109.91635585741	0.0076046731947117	
1.0	99.0	0.0	436636.0	0.0	436636.0	436636.0	0.0	
1.0	99.0	1.0	465128.0	0.0	465128.0	465128.0	0.0	
1.0	99.0	2.0	28492.0	0.0	28492.0	28492.0	0.0	
1.0	99.0	3.0	2941.761682243	1220.5568723819	2938.104958032	2945.418406454	0.0024860778036853	
1.0	100.0	0.0	465128.0	0.0	465128.0	465128.0	0.0	
1.0	100.0	1.0	466008.0	0.0	466008.0	466008.0	0.0	
1.0	100.0	2.0	880.0	0.0	880.0	880.0	0.0	
1.0	100.0	3.0	84.354312354312	6.8132163697505	84.333924120452	84.374700588173	0.00048339517664845	
1.0	101.0	0.0	466008.0	0.0	466008.0	466008.0	0.0	
1.0	101.0	1.0	466053.0	0.0	466053.0	466053.0	0.0	
1.0	101.0	2.0	45.0	0.0	45.0	45.0	0.0	
1.0	101.0	3.0	45.0	0.0	45.0	45.0	0.0	
1.0	102.0	0.0	985900.0	0.01104854345604	985899.9993152	985900.0006848	1.389178993334e-09	
1.0	102.0	1.0	986661.0	0.01104854345604	986660.9993152	986661.0006848	1.38810753595e-09	
1.0	102.0	2.0	761.0	0.0	761.0	761.0	0.0	
1.0	102.0	3.0	41.68808411215	3.4110387148815	41.68085798103	41.695310243269	0.00034667609573137	
1.0	103.0	0.0	1315236.0	0.0	1315236.0	1315236.0	0.0	
1.0	103.0	1.0	1315277.0	0.0	1315277.0	1315277.0	0.0	
1.0	103.0	2.0	41.0	0.0	41.0	41.0	0.0	
1.0	103.0	3.0	41.0	0.0	41.0	41.0	0.0	
1.0	104.0	0.0	985141.0	0.01104854345604	985140.9993152	985141.0006848	1.3902492836335e-09	
1.0	104.0	1.0	985900.0	0.01104854345604	985899.9993152	985900.0006848	1.389178993334e-09	
1.0	104.0	2.0	759.0	0.0	759.0	759.0	0.0	
1.0	104.0	3.0	41.544392523364	4.2100670799749	41.535473686821	41.553311359908	0.00042936415730476	
1.0	105.0	0.0	1315323.0	0.0	1315323.0	1315323.0	0.0	
1.0	105.0	1.0	1334133.0	0.0	1334133.0	1334133.0	0.0	
1.0	105.0	2.0	18810.0	0.0	18810.0	18810.0	0.0	
1.0	105.0	3.0	18810.0	0.0	18810.0	18810.0	0.0	
1.0	106.0	0.0	1314826.0	0.0	1314826.0	1314826.0	0.0	
1.0	106.0	1.0	1315236.0	0.0	1315236.0	1315236.0	0.0	
1.0	106.0	2.0	410.0	0.0	410.0	410.0	0.0	
1.0	106.0	3.0	43.352803738318	7.3194349271696	43.330875096143	43.374732380493	0.0010116366317388	
1.0	107.0	0.0	987421.0	0.01104854345604	987420.9993152	987421.0006848	1.3870391348047e-09	
1.0	107.0	1.0	987501.0	0.01104854345604	987500.9993152	987501.0006848	1.3869267671911e-09	
1.0	107.0	2.0	80.0	0.0	80.0	80.0	0.0	
1.0	107.0	3.0	80.0	0.0	80.0	80.0	0.0	
1.0	108.0	0.0	987501.0	0.01104854345604	987500.9993152	987501.0006848	1.3869267671911e-09	
1.0	108.0	1.0	987589.0	0.01104854345604	987588.9993152	987589.0006848	1.3868031838427e-09	
1.0	108.0	2.0	88.0	0.0	88.0	88.0	0.0	
1.0	108.0	3.0	83.75	4.0233692348578	83.62531449563	83.87468550437	0.0029775642834625	
1.0	109.0	0.0	986661.0	0.01104854345604	986660.9993152	986661.0006848	1.38810753595e-09	
1.0	109.0	1.0	987421.0	0.01104854345604	987420.9993152	987421.0006848	1.3870391348047e-09	
1.0	109.0	2.0	760.0	0.0	760.0	760.0	0.0	
1.0	109.0	3.0	41.589953271028	2.5262809275532	41.584601459233	41.595305082823	0.00025736079864558	
1.0	110.0	0.0	989993.0	0.01104854345604	989992.9993152	989993.0006848	1.383435609674e-09	
1.0	110.0	1.0	1014812.0	0.01104854345604	1014811.9993152	1014812.0006848	1.3496012754362e-09	
1.0	110.0	2.0	24819.0	0.0	24819.0	24819.0	0.0	
1.0	110.0	3.0	2584.0864485981	1078.8052492879	2580.8544047964	2587.3184923998	0.0025014982013865	
1.0	111.0	0.0	1014812.0	0.01104854345604	1014811.9993152	1014812.0006848	1.3496012754362e-09	
1.0	111.0	1.0	1040106.0	0.01104854345604	1040105.9993152	1040106.0006848	1.3167807603533e-09	
1.0	111.0	2.0	25294.0	0.0	25294.0	25294.0	0.0	
1.0	111.0	3.0	2631.8668224299	1095.5469459445	2628.5846213853	2635.1490234745	0.0024941999470533	
1.0	112.0	0.0	987589.0	0.01104854345604	987588.9993152	987589.0006848	1.3868031838427e-09	
1.0	112.0	1.0	987677.0	0.01104854345604	987676.9993152	987677.0006848	1.3866796225163e-09	
1.0	112.0	2.0	88.0	0.0	88.0	88.0	0.0	
1.0	112.0	3.0	80.157894736842	7.8957894035181	80.045621866155	80.270167607529	0.0028012928996151	
1.0	113.0	0.0	987677.0	0.01104854345604	987676.9993152	987677.0006848	1.3866796225163e-09	
1.0	113.0	1.0	989993.0	0.01104854345604	989992.9993152	989993.0006848	1.383435609674e-09	
1.0	113.0	2.0	2316.0	0.0	2316.0	2316.0	0.0	
1.0	113.0	3.0	2316.0	0.0	2316.0	2316.0	0.0	
1.0	114.0	0.0	1040106.0	0.01104854345604	1040105.9993152	1040106.0006848	1.3167807603533e-09	
1.0	114.0	1.0	1040229.0	0.01104854345604	1040228.9993152	1040229.0006848	1.3166250599897e-09	
1.0	114.0	2.0	123.0	0.0	123.0	123.0	0.0	
1.0	114.0	3.0	123.0	0.0	123.0	123.0	0.0	
1.0	115.0	0.0	595290.0	0.0078125	595289.99951578	595290.00048422	1.6268498055504e-09	
1.0	115.0	1.0	598385.0	0.0078125	598384.99951578	598385.00048422	1.6184353229879e-09	
1.0	115.0	2.0	3095.0	0.0	3095.0	3095.0	0.0	
1.0	115.0	3.0	131.92045454545	225.68490814281	131.25359825643	132.58731083448	0.010109975611094	
1.0	116.0	0.0	4438.0	0.0	4438.0	4438.0	0.0	
1.0	116.0	1.0	4501.0	0.0	4501.0	4501.0	0.0	
1.0	116.0	2.0	63.0	0.0	63.0	63.0	0.0	
1.0	116.0	3.0	61.0	2.0	60.912346135282	61.087653864718	0.0028738972038686	
1.0	117.0	0.0	598385.0	0.0078125	598384.99951578	598385.00048422	1.6184353229879e-09	
1.0	117.0	1.0	598772.0	0.0078125	598771.99951578	598772.00048422	1.6173892913264e-09	
1.0	117.0	2.0	387.0	0.0	387.0	387.0	0.0	
1.0	117.0	3.0	40.565909090909	9.2047528035007	40.538710784445	40.593107397373	0.0013409440130177	
1.0	118.0	0.0	950212.0	0.01104854345604	950211.9993152	950212.0006848	1.4413536868909e-09	
1.0	118.0	1.0	985141.0	0.01104854345604	985140.9993152	985141.0006848	1.3902492836335e-09	
1.0	118.0	2.0	34929.0	0.0	34929.0	34929.0	0.0	
1.0	118.0	3.0	34929.0	0.0	34929.0	34929.0	0.0	
1.0	119.0	0.0	1222038.0	0.0	1222038.0	1222038.0	0.0	
1.0	119.0	1.0	1240030.0	0.0	1240030.0	1240030.0	0.0	
1.0	119.0	2.0	17992.0	0.0	17992.0	17992.0	0.0	
1.0	119.0	3.0	17992.0	0.0	17992.0	17992.0	0.0	
1.0	120.0	0.0	548197.0	0.0078125	548196.99951578	548197.00048422	1.7666047438167e-09	
1.0	120.0	1.0	548210.0	0.0078125	548209.99951578	548210.00048422	1.7665628513637e-09	
1.0	120.0	2.0	13.0	0.0	13.0	13.0	0.0	
1.0	120.0	3.0	13.0	0.0	13.0	13.0	0.0	
1.0	121.0	0.0	950165.0	0.01104854345604	950164.9993152	950165.0006848	1.4414249835849e-09	
1.0	121.0	1.0	950212.0	0.01104854345604	950211.9993152	950212.0006848	1.4413536868909e-09	
1.0	121.0	2.0	47.0	0.0	47.0	47.0	0.0	
1.0	121.0	3.0	36.25	15.270478054075	35.776762982217	36.723237017783	0.026109628567329	
1.0	122.0	0.0	1221986.0	0.0	1221986.0	1221986.0	0.0	
1.0	122.0	1.0	1222038.0	0.0	1222038.0	1222038.0	0.0	
1.0	122.0	2.0	52.0	0.0	52.0	52.0	0.0	
1.0	122.0	3.0	47.25	3.2691742076555	47.148687241672	47.351312758328	0.0042883707228726	
1.0	123.0	0.0	900583.0	0.01104854345604	900582.9993152	900583.0006848	1.5207832809724e-09	
1.0	123.0	1.0	950107.0	0.01104854345604	950106.9993152	950107.0006848	1.4415129764626e-09	
1.0	123.0	2.0	49524.0	0.0	49524.0	49524.0	0.0	
1.0	123.0	3.0	116.3726635514	1658.034150875	112.8601932525	119.88513385031	0.060365900233146	
1.0	124.0	0.0	1221930.0	0.0	1221930.0	1221930.0	0.0	
1.0	124.0	1.0	1221986.0	0.0	1221986.0	1221986.0	0.0	
1.0	124.0	2.0	56.0	0.0	56.0	56.0	0.0	
1.0	124.0	3.0	56.0	0.0	56.0	56.0	0.0	
1.0	125.0	0.0	1221405.0	0.0	1221405.0	1221405.0	0.0	
1.0	125.0	1.0	1221930.0	0.0	1221930.0	1221930.0	0.0	
1.0	125.0	2.0	525.0	0.0	525.0	525.0	0.0	
1.0	125.0	3.0	54.586448598131	10.011652253524	54.556454214407	54.616442981855	0.0010989681319977	
1.0	126.0	0.0	1195950.0	0.0	1195950.0	1195950.0	0.0	
1.0	126.0	1.0	1221405.0	0.0	1221405.0	1221405.0	0.0	
1.0	126.0	2.0	25455.0	0.0	25455.0	25455.0	0.0	
1.0	126.0	3.0	2639.8130841121	1094.7288029363	2636.533334181	2643.0928340433	0.0024848349687207	
1.0	127.0	0.0	5790.0	0.0	5790.0	5790.0	0.0	
1.0	127.0	1.0	5855.0	0.0	5855.0	5855.0	0.0	
1.0	127.0	2.0	65.0	0.0	65.0	65.0	0.0	
1.0	127.0	3.0	62.5	2.5	62.390432669103	62.609567330897	0.0035061545887197	
1.0	128.0	0.0	5727.0	0.0	5727.0	5727.0	0.0	
1.0	128.0	1.0	5790.0	0.0	5790.0	5790.0	0.0	
1.0	128.0	2.0	63.0	0.0	63.0	63.0	0.0	
1.0	128.0	3.0	63.0	0.0	63.0	63.0	0.0	
1.0	129.0	0.0	5925.0	0.0	5925.0	5925.0	0.0	
1.0	129.0	1.0	5994.0	0.0	5994.0	5994.0	0.0	
1.0	129.0	2.0	69.0	0.0	69.0	69.0	0.0	
1.0	129.0	3.0	65.5	3.5	65.346605736744	65.653394263256	0.004683794297908	
1.0	130.0	0.0	5855.0	0.0	5855.0	5855.0	0.0	
1.0	130.0	1.0	5925.0	0.0	5925.0	5925.0	0.0	
1.0	130.0	2.0	70.0	0.0	70.0	70.0	0.0	
1.0	130.0	3.0	64.5	5.5	64.258951872026	64.741048127974	0.0074743605573482	
1.0	131.0	0.0	6191.0	0.0	6191.0	6191.0	0.0	
1.0	131.0	1.0	6660.0	0.0	6660.0	6660.0	0.0	
1.0	131.0	2.0	469.0	0.0	469.0	469.0	0.0	
1.0	131.0	3.0	469.0	0.0	469.0	469.0	0.0	
1.0	132.0	0.0	5994.0	0.0	5994.0	5994.0	0.0	
1.0	132.0	1.0	6191.0	0.0	6191.0	6191.0	0.0	
1.0	132.0	2.0	197.0	0.0	197.0	197.0	0.0	
1.0	132.0	3.0	158.5	38.5	156.81266310418	160.18733689582	0.02129131729743	
1.0	133.0	0.0	6904.0	0.0	6904.0	6904.0	0.0	
1.0	133.0	1.0	8088.0	0.0	8088.0	8088.0	0.0	
1.0	133.0	2.0	1184.0	0.0	1184.0	1184.0	0.0	
1.0	133.0	3.0	970.66666666667	190.45573997359	967.25898110366	974.07435222967	0.0070213301435493	
1.0	134.0	0.0	6660.0	0.0	6660.0	6660.0	0.0	
1.0	134.0	1.0	6904.0	0.0	6904.0	6904.0	0.0	
1.0	134.0	2.0	244.0	0.0	244.0	244.0	0.0	
1.0	134.0	3.0	40.481481481481	32.526052657968	40.34431103364	40.618651929323	0.0067769480177639	
1.0	135.0	0.0	31293.0	0.0	31293.0	31293.0	0.0	
1.0	135.0	1.0	54712.0	0.0	54712.0	54712.0	0.0	
1.0	135.0	2.0	23419.0	0.0	23419.0	23419.0	0.0	
1.0	135.0	3.0	2408.9953271028	1032.4698655857	2405.9021016743	2412.0885525313	0.0025680626223784	
1.0	136.0	0.0	8088.0	0.0	8088.0	8088.0	0.0	
1.0	136.0	1.0	31293.0	0.0	31293.0	31293.0	0.0	
1.0	136.0	2.0	23205.0	0.0	23205.0	23205.0	0.0	
1.0	136.0	3.0	2436.1355140187	1031.2120603502	2433.0460569085	2439.2249711289	0.0025363589934814	
1.0	137.0	0.0	547663.0	0.0078125	547662.99951578	547663.00048422	1.7683272756167e-09	
1.0	137.0	1.0	548197.0	0.0078125	548196.99951578	548197.00048422	1.7666047438167e-09	
1.0	137.0	2.0	534.0	0.0	534.0	534.0	0.0	
1.0	137.0	3.0	53.988317757009	28.040980590863	53.904308453595	54.072327060424	0.0031121289532403	
1.0	138.0	0.0	845707.0	0.01104854345604	845706.9993152	845707.0006848	1.6194634424546e-09	
1.0	138.0	1.0	846483.0	0.01104854345604	846482.9993152	846483.0006848	1.6179788247702e-09	
1.0	138.0	2.0	776.0	0.0	776.0	776.0	0.0	
1.0	138.0	3.0	42.179906542056	3.168974596185	42.173193212815	42.186619871297	0.00031831882955773	
1.0	139.0	0.0	846483.0	0.01104854345604	846482.9993152	846483.0006848	1.6179788247702e-09	
1.0	139.0	1.0	847248.0	0.01104854345604	847247.9993152	847248.0006848	1.6165179139142e-09	
1.0	139.0	2.0	765.0	0.0	765.0	765.0	0.0	
1.0	139.0	3.0	41.922897196262	2.7413652064326	41.917089738158	41.928704654366	0.00027705423490722	
1.0	140.0	0.0	872841.0	0.01104854345604	872840.9993152	872841.0006848	1.569119197572e-09	
1.0	140.0	1.0	900583.0	0.01104854345604	900582.9993152	900583.0006848	1.5207832809724e-09	
1.0	140.0	2.0	27742.0	0.0	27742.0	27742.0	0.0	
1.0	140.0	3.0	1409.7242990654	1546.9680939832	1406.4471171807	1413.0014809501	0.0046493940508472	
1.0	141.0	0.0	847248.0	0.01104854345604	847247.9993152	847248.0006848	1.6165179139142e-09	
1.0	141.0	1.0	872841.0	0.01104854345604	872840.9993152	872841.0006848	1.569119197572e-09	
1.0	141.0	2.0	25593.0	0.0	25593.0	25593.0	0.0	
1.0	141.0	3.0	2651.2943925234	1097.5061608693	2648.0063217739	2654.5824632728	0.0024803513021764	
1.0	142.0	0.0	431210.0	0.0	431210.0	431210.0	0.0	
1.0	142.0	1.0	433580.0	0.0	433580.0	433580.0	0.0	
1.0	142.0	2.0	2370.0	0.0	2370.0	2370.0	0.0	
1.0	142.0	3.0	2370.0	0.0	2370.0	2370.0	0.0	
1.0	143.0	0.0	1269588.0	0.0	1269588.0	1269588.0	0.0	
1.0	143.0	1.0	1270075.0	0.0	1270075.0	1270075.0	0.0	
1.0	143.0	2.0	487.0	0.0	487.0	487.0	0.0	
1.0	143.0	3.0	49.217289719626	13.455776654087	49.176976920295	49.257602518957	0.0016381560041497	
1.0	144.0	0.0	1240591.0	0.0	1240591.0	1240591.0	0.0	
1.0	144.0	1.0	1240676.0	0.0	1240676.0	1240676.0	0.0	
1.0	144.0	2.0	85.0	0.0	85.0	85.0	0.0	
1.0	144.0	3.0	80.75	2.8613807855649	80.661324890753	80.838675109247	0.0021962875355338	
1.0	145.0	0.0	1240676.0	0.0	1240676.0	1240676.0	0.0	
1.0	145.0	1.0	1240768.0	0.0	1240768.0	1240768.0	0.0	
1.0	145.0	2.0	92.0	0.0	92.0	92.0	0.0	
1.0	145.0	3.0	82.2	3.4438350715445	82.152270881005	82.247729118995	0.0011612924329585	
1.0	146.0	0.0	1240768.0	0.0	1240768.0	1240768.0	0.0	
1.0	146.0	1.0	1244162.0	0.0	1244162.0	1244162.0	0.0	
1.0	146.0	2.0	3394.0	0.0	3394.0	3394.0	0.0	
1.0	146.0	3.0	3394.0	0.0	3394.0	3394.0	0.0	
1.0	147.0	0.0	1244162.0	0.0	1244162.0	1244162.0	0.0	
1.0	147.0	1.0	1269588.0	0.0	1269588.0	1269588.0	0.0	
1.0	147.0	2.0	25426.0	0.0	25426.0	25426.0	0.0	
1.0	147.0	3.0	2682.488317757	1111.4447267879	2679.158487797	2685.8181477171	0.002482642655339	
1.0	148.0	0.0	1240030.0	0.0	1240030.0	1240030.0	0.0	
1.0	148.0	1.0	1240424.0	0.0	1240424.0	1240424.0	0.0	
1.0	148.0	2.0	394.0	0.0	394.0	394.0	0.0	
1.0	148.0	3.0	42.492990654206	2.6070442729333	42.485180086646	42.500801221765	0.00036761674992665	
1.0	149.0	0.0	1240424.0	0.0	1240424.0	1240424.0	0.0	
1.0	149.0	1.0	1240514.0	0.0	1240514.0	1240514.0	0.0	
1.0	149.0	2.0	90.0	0.0	90.0	90.0	0.0	
1.0	149.0	3.0	81.083333333333	3.012704580421	81.052211772588	81.114454894078	0.0007676438416052	
1.0	150.0	0.0	1240514.0	0.0	1240514.0	1240514.0	0.0	
1.0	150.0	1.0	1240591.0	0.0	1240591.0	1240591.0	0.0	
1.0	150.0	2.0	77.0	0.0	77.0	77.0	0.0	
1.0	150.0	3.0	77.0	0.0	77.0	77.0	0.0	
1.0	151.0	0.0	376860.0	0.0055242717280199	376859.9996576	376860.0003424	1.8171092309186e-09	
1.0	151.0	1.0	377818.0	0.0055242717280199	377817.9996576	377818.0003424	1.8125017462482e-09	
1.0	151.0	2.0	958.0	0.0	958.0	958.0	0.0	
1.0	151.0	3.0	100.48364485981	19.240781596251	100.42600048986	100.54128922977	0.0011473383560908	
1.0	152.0	0.0	377818.0	0.0055242717280199	377817.9996576	377818.0003424	1.8125017462482e-09	
1.0	152.0	1.0	378038.0	0.0055242717280199	378037.9996576	378038.0003424	1.8114469570889e-09	
1.0	152.0	2.0	220.0	0.0	220.0	220.0	0.0	
1.0	152.0	3.0	204.0	16.0	203.29876908226	204.70123091774	0.0068748129190583	
1.0	153.0	0.0	375890.0	0.0055242717280199	375889.9996576	375890.0003424	1.8217983579345e-09	
1.0	153.0	1.0	376860.0	0.0055242717280199	376859.9996576	376860.0003424	1.8171092309186e-09	
1.0	153.0	2.0	970.0	0.0	970.0	970.0	0.0	
1.0	153.0	3.0	103.33411214953	28.664398037739	103.24823512023	103.41998917884	0.0016621235237503	
1.0	154.0	0.0	324827.0	0.0	324827.0	324827.0	0.0	
1.0	154.0	1.0	349513.0	nan	nan	nan	nan	
1.0	154.0	2.0	24686.0	0.0	24686.0	24686.0	0.0	
1.0	154.0	3.0	2571.9112149533	1074.3614715525	2568.692484476	2575.1299454305	0.0025029872404218	
1.0	155.0	0.0	349513.0	nan	nan	nan	nan	
1.0	155.0	1.0	375890.0	0.0055242717280199	375889.9996576	375890.0003424	1.8217983579345e-09	
1.0	155.0	2.0	26377.0	0.0	26377.0	26377.0	0.0	
1.0	155.0	3.0	2775.9813084112	1151.2017063962	2772.5323686307	2779.4302481917	0.0024848436623342	
1.0	156.0	0.0	274470.0	0.0	274470.0	274470.0	0.0	
1.0	156.0	1.0	299503.0	0.0	299503.0	299503.0	0.0	
1.0	156.0	2.0	25033.0	0.0	25033.0	25033.0	0.0	
1.0	156.0	3.0	2598.3621495327	1095.2905163058	2595.0807167378	2601.6435823276	0.0025257701629111	
1.0	157.0	0.0	299503.0	0.0	299503.0	299503.0	0.0	
1.0	157.0	1.0	324827.0	0.0	324827.0	324827.0	0.0	
1.0	157.0	2.0	25324.0	0.00034526698300124	25323.9999786	25324.0000214	1.6900859480236e-09	
1.0	157.0	3.0	2631.9953271028	1092.7904648093	2628.7213843308	2635.2692698748	0.0024878028758816	
1.0	158.0	0.0	272009.0	0.0	272009.0	272009.0	0.0	
1.0	158.0	1.0	272100.0	0.0	272100.0	272100.0	0.0	
1.0	158.0	2.0	91.0	0.0	91.0	91.0	0.0	
1.0	158.0	3.0	70.736842105263	17.73442119977	70.484670438021	70.989013772505	0.0071298536868924	
1.0	159.0	0.0	272100.0	0.0	272100.0	272100.0	0.0	
1.0	159.0	1.0	274470.0	0.0	274470.0	274470.0	0.0	
1.0	159.0	2.0	2370.0	0.0	2370.0	2370.0	0.0	
1.0	159.0	3.0	2370.0	0.0	2370.0	2370.0	0.0	
1.0	160.0	0.0	1084.0	0.0	1084.0	1084.0	0.0	
1.0	160.0	1.0	2113.0	0.0	2113.0	2113.0	0.0	
1.0	160.0	2.0	1029.0	0.0	1029.0	1029.0	0.0	
1.0	160.0	3.0	569.5	459.5	549.36152458104	589.63847541896	0.07072335529046	
1.0	161.0	0.0	4374.0	0.0	4374.0	4374.0	0.0	
1.0	161.0	1.0	4438.0	0.0	4438.0	4438.0	0.0	
1.0	161.0	2.0	64.0	0.0	64.0	64.0	0.0	
1.0	161.0	3.0	64.0	0.0	64.0	64.0	0.0	
1.0	162.0	0.0	5638.0	0.0	5638.0	5638.0	0.0	
1.0	162.0	1.0	5727.0	0.0	5727.0	5727.0	0.0	
1.0	162.0	2.0	89.0	0.0	89.0	89.0	0.0	
1.0	162.0	3.0	72.5	16.5	71.776855616077	73.223144383923	0.019948810590991	
1.0	163.0	0.0	1130862.0	0.0	1130862.0	1130862.0	0.0	
1.0	163.0	1.0	1130909.0	0.0	1130909.0	1130909.0	0.0	
1.0	163.0	2.0	47.0	0.0	47.0	47.0	0.0	
1.0	163.0	3.0	47.0	0.0	47.0	47.0	0.0	
1.0	164.0	0.0	1130406.0	0.0	1130406.0	1130406.0	0.0	
1.0	164.0	1.0	1130862.0	0.0	1130862.0	1130862.0	0.0	
1.0	164.0	2.0	456.0	0.0	456.0	456.0	0.0	
1.0	164.0	3.0	46.25	7.0260280453083	46.228950389415	46.271049610585	0.00091025343069575	
1.0	165.0	0.0	809702.0	0.01104854345604	809701.9993152	809702.0006848	1.6914760856809e-09	
1.0	165.0	1.0	844952.0	0.01104854345604	844951.9993152	844952.0006848	1.6209105008663e-09	
1.0	165.0	2.0	35250.0	0.0	35250.0	35250.0	0.0	
1.0	165.0	3.0	35250.0	0.0	35250.0	35250.0	0.0	
1.0	166.0	0.0	1130909.0	0.0	1130909.0	1130909.0	0.0	
1.0	166.0	1.0	1130955.0	0.0	1130955.0	1130955.0	0.0	
1.0	166.0	2.0	46.0	0.0	46.0	46.0	0.0	
1.0	166.0	3.0	43.5	1.5	43.453514518396	43.546485481604	0.002137263522045	
1.0	167.0	0.0	1130955.0	0.0	1130955.0	1130955.0	0.0	
1.0	167.0	1.0	1148667.0	0.0	1148667.0	1148667.0	0.0	
1.0	167.0	2.0	17712.0	0.0	17712.0	17712.0	0.0	
1.0	167.0	3.0	17712.0	0.0	17712.0	17712.0	0.0	
1.0	168.0	0.0	809684.0	0.01104854345604	809683.9993152	809684.0006848	1.6915136887082e-09	
1.0	168.0	1.0	809702.0	0.01104854345604	809701.9993152	809702.0006848	1.6914760856809e-09	
1.0	168.0	2.0	18.0	0.0	18.0	18.0	0.0	
1.0	168.0	3.0	18.0	0.0	18.0	18.0	0.0	
1.0	169.0	0.0	844952.0	0.01104854345604	844951.9993152	844952.0006848	1.6209105008663e-09	
1.0	169.0	1.0	845707.0	0.01104854345604	845706.9993152	845707.0006848	1.6194634424546e-09	
1.0	169.0	2.0	755.0	0.0	755.0	755.0	0.0	
1.0	169.0	3.0	41.163551401869	5.7448781336702	41.151381137581	41.175721666158	0.00059131264790956	
1.0	170.0	0.0	516205.0	0.0	516205.0	516205.0	0.0	
1.0	170.0	1.0	516284.0	0.0	516284.0	516284.0	0.0	
1.0	170.0	2.0	79.0	0.0	79.0	79.0	0.0	
1.0	170.0	3.0	70.75	7.6933412767146	70.511580883736	70.988419116264	0.0067397630039228	
1.0	171.0	0.0	516108.0	0.0	516108.0	516108.0	0.0	
1.0	171.0	1.0	516205.0	0.0	516205.0	516205.0	0.0	
1.0	171.0	2.0	97.0	0.0	97.0	97.0	0.0	
1.0	171.0	3.0	97.0	0.0	97.0	97.0	0.0	
1.0	172.0	0.0	484324.0	0.0	484324.0	484324.0	0.0	
1.0	172.0	1.0	516108.0	0.0	516108.0	516108.0	0.0	
1.0	172.0	2.0	31784.0	0.0	31784.0	31784.0	0.0	
1.0	172.0	3.0	3182.4318181818	1364.5901765353	3178.3997118764	3186.4639244873	0.0025339781247952	
1.0	173.0	0.0	483941.0	0.0	483941.0	483941.0	0.0	
1.0	173.0	1.0	484324.0	0.0	484324.0	484324.0	0.0	
1.0	173.0	2.0	383.0	0.0	383.0	383.0	0.0	
1.0	173.0	3.0	41.715617715618	2.5635536602556	41.707946400235	41.723289031	0.00036779104816607	
1.0	174.0	0.0	466053.0	0.0	466053.0	466053.0	0.0	
1.0	174.0	1.0	483941.0	0.0	483941.0	483941.0	0.0	
1.0	174.0	2.0	17888.0	0.0	17888.0	17888.0	0.0	
1.0	174.0	3.0	17888.0	0.0	17888.0	17888.0	0.0	
1.0	175.0	0.0	516284.0	0.0	516284.0	516284.0	0.0	
1.0	175.0	1.0	516444.0	0.0	516444.0	516444.0	0.0	
1.0	175.0	2.0	160.0	0.0	160.0	160.0	0.0	
1.0	175.0	3.0	96.95	25.840810745795	96.59186463481	97.30813536519	0.0073880426032042	
1.0	176.0	0.0	2113.0	0.0	2113.0	2113.0	0.0	
1.0	176.0	1.0	3203.0	0.0	3203.0	3203.0	0.0	
1.0	176.0	2.0	1090.0	0.0	1090.0	1090.0	0.0	
1.0	176.0	3.0	577.5	512.5	555.03869716601	599.96130283399	0.07778806176272	
1.0	177.0	0.0	1335157.0	0.0	1335157.0	1335157.0	0.0	
1.0	177.0	1.0	1335250.0	0.0	1335250.0	1335250.0	0.0	
1.0	177.0	2.0	93.0	0.0	93.0	93.0	0.0	
1.0	177.0	3.0	83.157894736842	4.7380115515481	83.090523365716	83.225266107969	0.0016203241157016	
1.0	178.0	0.0	1335073.0	0.0	1335073.0	1335073.0	0.0	
1.0	178.0	1.0	1335157.0	0.0	1335157.0	1335157.0	0.0	
1.0	178.0	2.0	84.0	0.0	84.0	84.0	0.0	
1.0	178.0	3.0	80.5	2.2912878474779	80.428992253944	80.571007746056	0.0017641676038838	
1.0	179.0	0.0	1338725.0	0.0	1338725.0	1338725.0	0.0	
1.0	179.0	1.0	1343940.0	0.0	1343940.0	1343940.0	0.0	
1.0	179.0	2.0	5215.0	0.0	5215.0	5215.0	0.0	
1.0	179.0	3.0	5215.0	0.0	5215.0	5215.0	0.0	
